1
2
3
4
5
6
7
11
15
19
24
31
43
55
67
79
91
103
116
129
146
163
184
205
226
247
268
289
312
339
366
393
420
447
474
502
535
568
601
634
669
704
741
778
815
854
894
934
975
1017
1059
1103
1151
1202
1253
1304
1355
1408
1461
1515
1569
1623
1680
1737
1794
1854
1916
1978
2040
2103
2167
2232
2298
2365
2432
2499
2567
2635
2707
2779
2853
2930
3007
3084
3161
3238
3316
3397
3478
3561
3644
3727
3810
3893
3981
4069
4157
4245
4337
4429
4521
4615
4711
4809
4907
5008
5109
5210
5311
5416
5521
5626
5733
5840
5948
6056
6164
6276
6388
6505
6622
6739
6856
6973
7090
7208
7327
7446
7566
7686
7806
7926
8050
8174
8299
8426
8553
8684
8816
8948
9080
9215
9350
9485
9621
9760
9899
10038
10177
10317
10457
10599
10741
10886
11036
11186
11338
11490
11642
11794
11946
12098
12250
12405
12560
12715
12873
13032
13191
13352
13515
13683
13851
14019
14187
14355
14523
14693
14865
15040
15215
15390
15565
15740
15915
16090
16271
16452
16633
16814
16999
17185
17371
17557
17743
17931
18119
18309
18500
18691
18883
19077
19274
19471
19668
19865
20063
20263
20463
20668
20873
21078
21283
21488
21694
21900
22106
22312
22521
22730
22940
23154
23368
23582
23796
24011
24227
24446
24665
24884
25105
25329
25554
25779
26006
26233
26460
26688
26918
27148
27384
27620
27856
28092
28328
28564
28800
29039
29281
29523
29765
30008
30251
30494
30737
30983
31230
31479
31730
31981
32238
32495
32752
33009
33266
33525
33784
34044
34304
34564
34829
35094
35361
35628
35895
36162
36429
36696
36966
37237
37508
37780
38052
38324
38596
38871
39146
39421
39699
39978
40257
40537
40818
41102
41388
41674
41960
42246
42539
42832
43125
43418
43711
44007
44303
44599
44898
45199
45500
45802
46104
46410
46716
47023
47332
47641
47950
48260
48571
48882
49194
49506
49818
50135
50453
50771
51089
51409
51729
52049
52370
52692
53015
53340
53666
53992
54319
54648
54979
55311
55645
55979
56313
56647
56982
57322
57664
58007
58351
58695
59039
59383
59728
60075
60424
60774
61124
61474
61826
62178
62530
62884
63239
63594
63951
64308
64665
65024
65383
65745
66107
66471
66836
67201
67566
67931
68298
68669
69040
69415
69790
70165
70543
70921
71299
71677
72055
72433
72813
73193
73576
73959
74342
74725
75108
75493
75880
76267
76660
77053
77446
77839
78233
78627
79022
79417
79812
80207
80604
81004
81406
81812
82218
82624
83035
83446
83857
84268
84679
85090
85502
85920
86341
86762
87183
87604
88025
88446
88868
89290
89712
90134
90556
90978
91401
91824
92250
92677
93106
93536
93966
94397
94828
95261
95694
96127
96562
96997
97434
97871
98309
98747
99185
99627
100072
100520
100973
101426
101879
102332
102785
103238
103695
104152
104609
105067
105525
105983
106441
106899
107360
107827
108294
108762
109230
109698
110167
110636
111105
111577
112049
112528
113007
113487
113967
114447
114927
115409
115895
116381
116867
117354
117841
118328
118816
119306
119796
120288
120781
121274
121767
122261
122755
123249
123743
124239
124735
125231
125728
126225
126724
127224
127728
128234
128740
129246
129752
130264
130777
131291
131805
132319
132834
133353
133872
134391
134910
135429
135948
136467
136989
137511
138034
138557
139081
139605
140133
140661
141193
141725
142257
142791
143325
143859
144395
144935
145475
146015
146555
147095
147635
148175
148718
149262
149806
150353
150900
151447
151995
152544
153093
153644
154198
154758
155318
155878
156438
156998
157558
158118
158678
159239
159800
160366
160932
161498
162065
162632
163201
163770
164339
164912
165488
166064
166642
167220
167798
168376
168954
169532
170112
170697
171282
171867
172453
173039
173626
174216
174807
175399
175991
176583
177175
177767
178360
178957
179554
180157
180760
181363
181966
182569
183174
183780
184386
184993
185605
186218
186831
187444
188057
188671
189287
189905
190523
191144
191765
192386
193007
193631
194255
194880
195505
196131
196761
197391
198023
198656
199289
199922
200555
201189
201824
202459
203094
203729
204366
205004
205642
206280
206918
207556
208202
208848
209495
210143
210791
211439
212089
212739
213390
214047
214704
215361
216018
216675
217332
217990
218648
219309
219970
220631
221293
221959
222625
223292
223959
224627
225295
225964
226637
227310
227983
228656
229329
230006
230683
231360
232037
232715
233393
234071
234753
235440
236127
236814
237501
238188
238879
239570
240261
240952
241645
242343
243041
243740
244439
245140
245841
246543
247246
247954
248662
249370
250079
250788
251497
252206
252916
253626
254338
255053
255768
256483
257200
257917
258634
259355
260076
260797
261519
262241
262966
263691
264416
265142
265869
266596
267323
268050
268784
269518
270252
270986
271720
272454
273189
273926
274663
275400
276139
276879
277623
278370
279117
279864
280612
281360
282110
282861
283612
284368
285124
285881
286640
287399
288160
288922
289684
290449
291215
291981
292747
293513
294280
295048
295816
296584
297354
298126
298901
299676
300452
301230
302008
302787
303567
304347
305127
305907
306687
307468
308251
309035
309820
310609
311398
312187
312977
313767
314557
315349
316141
316933
317726
318521
319316
320111
320906
321707
322508
323311
324115
324919
325724
326530
327336
328142
328950
329760
330570
331380
332192
333008
333824
334643
335467
336291
337115
337939
338763
339587
340411
341237
342065
342893
343721
344549
345378
346207
347036
347866
348699
349532
350368
351205
352042
352884
353726
354568
355410
356252
357094
357939
358784
359633
360482
361332
362182
363032
363882
364735
365589
366446
367303
368162
369021
369880
370739
371598
372457
373316
374177
375039
375901
376764
377628
378494
379364
380234
381105
381976
382849
383725
384601
385478
386355
387233
388111
388997
389883
390769
391655
392541
393427
394318
395209
396100
396991
397882
398773
399666
400559
401452
402349
403246
404143
405040
405941
406842
407743
408647
409551
410458
411365
412273
413181
414091
415001
415911
416821
417731
418643
419557
420471
421385
422299
423213
424130
425053
425978
426903
427828
428753
429681
430611
431541
432472
433404
434336
435270
436204
437139
438074
439010
439948
440887
441830
442773
443716
444659
445602
446545
447488
448432
449376
450320
451270
452220
453171
454122
455076
456030
456985
457940
458895
459851
460807
461765
462723
463681
464639
465603
466568
467539
468511
469483
470455
471428
472402
473376
474350
475324
476298
477272
478247
479222
480201
481180
482160
483140
484122
485104
486086
487070
488055
489040
490030
491021
492014
